ID	time	long	lat	y	Int	elev_e	lat_l^2	lat_abs(l)
933	1	-106.7	52.2	-101.96805103954921	1	504.0	2724.84	52.2
1086	1	-123.26083	44.5647222	-51.102796685822184	1	76.0	1986.0144647631728	44.5647222
1087	1	-124.053	44.637	-35.80989793785704	1	45.0	1992.461769	44.637
10000	1	-148.9676	63.7232	-136.42405022448966	1	661.0	4060.6462182399996	63.7232
10001	1	-109.85883	33.0695	-16.4466078055153	1	1173.0	1093.59183025	33.0695
10004	1	-112.8	31.95033	-37.5077837693881	1	506.0	1020.8235871089	31.95033
10005	1	-123.08417000000001	39.00283	-40.604580144100304	1	253.0	1521.2207480089003	39.00283
10006	1	-119.85483	37.791	-41.69156888604192	1	1408.0	1428.1596809999999	37.791
10007	1	-105.58633	40.05317	-73.54654565047022	1	3520.0	1604.2564270489002	40.05317
10008	1	-107.70117	40.5045	-72.29952679454416	1	1998.0	1640.61452025	40.5045
10009	1	-106.7903	37.4686	-70.6037551917277	1	3292.0	1403.8959859600002	37.4686
10010	1	-108.4875	37.19217	-66.260143826067	1	2172.0	1383.2575093089	37.19217
10011	1	-80.67467	25.38733	-10.02793280968441	1	2.0	644.5165245288999	25.38733
10012	1	-84.6005	30.54217	-14.037601782805199	1	60.0	932.8241483088999	30.54217
10013	1	-80.6444	28.5428	-13.60107694983544	1	2.0	814.69143184	28.5428
10014	1	-84.40367	33.17333	-21.32639225843114	1	270.0	1100.4698232889	33.17333
10015	1	-93.38883	40.95783	-26.117611098162886	1	320.0	1677.5438383089001	40.95783
10016	1	-113.55283	43.45683	-93.58532264705158	1	1807.0	1888.4960736488997	43.45683
10017	1	-116.05817	44.292	-99.85746152361965	1	1442.0	1961.7812640000002	44.292
10018	1	-88.66983	37.43467	-19.693015159248557	1	161.0	1401.3545180088997	37.43467
10019	1	-90.7205	40.93333	-27.116288050154957	1	229.0	1675.5375048888998	40.93333
10020	1	-87.48467	38.73783	-22.18639717120911	1	134.0	1500.6194731089001	38.73783
10021	1	-96.6055	39.10133	-28.457482447225306	1	350.0	1528.9140077688999	39.10133
10022	1	-100.90983	38.66967	-43.461210863902835	1	863.0	1495.3433779089003	38.66967
10023	1	-85.0489	37.7047	-24.647920861165424	1	293.0	1421.64440209	37.7047
10024	1	-90.17517	30.80683	-17.43255639431804	1	48.0	949.0607746489001	30.80683
10025	1	-70.0215	41.97217	-34.278165739911586	1	41.0	1761.6630545089	41.97217
10026	1	-71.2147	42.3839	-42.57861731808753	1	18.0	1796.3949792099997	42.3839
10027	1	-76.1515	38.90783	-27.32810503178572	1	6.0	1513.8192353088998	38.90783
10028	1	-84.67367	45.5565	-45.94939430624165	1	238.0	2075.39469225	45.5565
10029	1	-93.46783	47.52533	-54.861042933064596	1	431.0	2258.6569916088997	47.52533
10030	1	-95.30033	44.23567	-40.08249132732669	1	343.0	1956.7945003488999	44.23567
10031	1	-89.8	34.0015	-20.760771360340087	1	134.0	1156.10200225	34.0015
10032	1	-107.43583	45.56783	-82.3171992185841	1	957.0	2076.4271309089	45.56783
10033	1	-113.9958	48.5103	-102.71219511462061	1	980.0	2353.24920609	48.5103
10034	1	-113.9656	45.6917	-98.96315933928526	1	2414.0	2087.7314488899997	45.6917
10035	1	-78.27367	35.02217	-19.527759687085616	1	41.0	1226.5523915089002	35.02217
10036	1	-103.2642	47.6014	-71.0056164044838	1	611.0	2265.89328196	47.6014
10037	1	-97.7525	48.77617	-66.55985350965256	1	306.0	2379.1147598689	48.77617
10038	1	-100.74117	41.0555	-52.78750889699628	1	919.0	1685.5540802500002	41.0555
10040	1	-108.23417	33.21883	-36.759338473261074	1	1772.0	1103.4906665688998	33.21883
10041	1	-105.4706	32.9094	-36.74749204207698	1	2009.0	1083.02860836	32.9094
10042	1	-103.9755	36.774	-50.2726102959474	1	2205.0	1352.327076	36.774
10043	1	-115.422	36.13483	-44.770669011136235	1	1137.0	1305.7259391289	36.13483
10044	1	-119.254	38.79283	-96.75241721979182	1	1501.0	1504.8836594089003	38.79283
10045	1	-114.2095	39.003	-61.306613489499185	1	2067.0	1521.234009	39.003
10046	1	-76.65583	42.73367	-42.490326409931505	1	249.0	1826.1665516688997	42.73367
10047	1	-79.39117	42.293	-43.856717227911254	1	488.0	1788.697849	42.293
10048	1	-74.0425	41.3505	-32.567862616267846	1	201.0	1709.8638502499998	41.3505
10049	1	-81.5311	39.7928	-27.706185284018044	1	276.0	1583.46693184	39.7928
10050	1	-98.20033	36.80317	-30.522344464127055	1	345.0	1354.4733220489002	36.80317
10051	1	-97.5195	34.97467	-22.822403071436128	1	331.0	1223.2275416089003	34.97467
10052	1	-101.61717	36.58783	-34.936047855753216	1	999.0	1338.6693041088997	36.58783
10053	1	-123.60917	44.38467	-51.09571411027621	1	104.0	1969.9989310089	44.38467
10054	1	-122.252	44.208	-68.8374573225883	1	436.0	1954.3472639999998	44.208
10055	1	-118.50683	45.22133	-97.23081044469359	1	1253.0	2044.9686869689	45.22133
10057	1	-80.43433	33.537	-16.59283986655546	1	24.0	1124.7303689999999	33.537
10058	1	-101.855	43.94283	-53.85362280032255	1	733.0	1930.9723084089	43.94283
10059	1	-98.28783	44.353	-47.42218362914951	1	398.0	1967.188609	44.353
10060	1	-84.28567	35.95683	-24.930909558044494	1	341.0	1292.8936236488998	35.95683
10061	1	-97.70417	28.46667	-14.771602453802002	1	82.0	810.3513008889	28.46667
10062	1	-96.25567	29.65683	-13.356247489118429	1	54.0	879.5275656489	29.65683
10063	1	-97.63717	33.38833	-21.85831033624078	1	312.0	1114.7805801889003	33.38833
10064	1	-111.8915	41.655	-82.90376588923732	1	1370.0	1735.1390250000002	41.655
10065	1	-112.17033	37.61783	-62.60734078035507	1	2477.0	1415.1011339088998	37.61783
10066	1	-78.5419	38.0397	-44.178858142086554	1	172.0	1447.0187760900003	38.0397
10067	1	-72.868	44.52367	-55.313408467293975	1	399.0	1982.3571902689002	44.52367
10068	1	-123.92583	47.856	-60.65507334264245	1	176.0	2290.1967360000003	47.856
10069	1	-117.18417	46.75633	-88.52013621621622	1	766.0	2186.1543950688997	46.75633
10070	1	-89.65183	46.05167	-44.783924334981286	1	501.0	2120.7563097889	46.05167
10071	1	-88.50033	42.57417	-33.643097806678796	1	288.0	1812.5599511889002	42.57417
10072	1	-80.95	37.98	-33.4904031676067	1	753.0	1442.4803999999997	37.98
10073	1	-109.78533	42.924	-89.25185481331869	1	2388.0	1842.469776	42.924
10074	1	-110.41883	44.917	-78.72924811717029	1	1912.0	2017.5368890000002	44.917
10075	1	-106.2408	41.3647	-96.81872077378083	1	3212.0	1711.0384060899999	41.3647
10076	1	-104.1922	43.8733	-62.96584524643579	1	1466.0	1924.8664528900001	43.8733
7108100	1	-81.25	68.786667	-136.1576059110014	1	8.0	4731.605556968888	68.786667
7139800	1	-63.27	45.37	-54.63635934414972	1	40.0	2058.4368999999997	45.37
7152700	1	-80.27	42.85	-46.193527115990825	1	240.0	1836.1225000000002	42.85
7162800	1	-75.67	45.32	-53.973032442074	1	114.0	2053.9024	45.32
7172000	1	-74.28	46.05	-58.32187003169188	1	395.0	2120.6025	46.05
7174800	1	-91.62	48.75	-71.5147525014264	1	393.0	2376.5625	48.75
7179900	1	-123.43	48.65	-72.10413683040458	1	20.0	2366.8224999999998	48.65
7185600	1	-96.98	50.62	-75.83763500321639	1	223.0	2562.3844	50.62
7186500	1	-104.2	51.77	-99.6949927260782	1	561.0	2680.1329000000005	51.77
7186700	1	-101.1	53.97	-102.64462754265212	1	272.0	2912.7608999999998	53.97
7187701	1	-114.016667	51.016667	-124.2096951233665	1	1049.0	2602.700311788889	51.016667
7191300	1	-94.06	58.75	-112.11371737204388	1	5.0	3451.5625	58.75
7192500	1	-105.116667	69.1	-150.29305153799143	1	27.0	4774.8099999999995	69.1
7193401	1	-114.27	62.28	-133.15465064762452	1	205.0	3878.7984	62.28
7196400	1	-135.07	60.72	-150.77892741562647	1	702.0	3686.9184	60.72
7196401	1	-135.52	63.37	-149.57300440772622	1	504.0	4015.7569	63.37
7222861	1	-87.543056	33.217222	-20.494863320608612	1	65.0	1103.383837397284	33.217222
7622500	1	-106.07	28.63	-43.21652962582812	1	1423.0	819.6768999999999	28.63
